-5.0 -23.0 
-4.898989898989899 -22.494949494949495 
-4.797979797979798 -21.98989898989899 
-4.696969696969697 -21.484848484848484 
-4.595959595959596 -20.97979797979798 
-4.494949494949495 -20.474747474747474 
-4.393939393939394 -19.96969696969697 
-4.292929292929293 -19.464646464646467 
-4.191919191919192 -18.95959595959596 
-4.090909090909091 -18.454545454545453 
-3.9898989898989896 -17.949494949494948 
-3.888888888888889 -17.444444444444443 
-3.787878787878788 -16.93939393939394 
-3.686868686868687 -16.434343434343432 
-3.5858585858585856 -15.929292929292927 
-3.484848484848485 -15.424242424242426 
-3.383838383838384 -14.91919191919192 
-3.282828282828283 -14.414141414141415 
-3.1818181818181817 -13.909090909090908 
-3.080808080808081 -13.404040404040405 
-2.9797979797979797 -12.898989898989898 
-2.878787878787879 -12.393939393939394 
-2.7777777777777777 -11.88888888888889 
-2.676767676767677 -11.383838383838384 
-2.5757575757575757 -10.878787878787879 
-2.474747474747475 -10.373737373737374 
-2.3737373737373737 -9.868686868686869 
-2.272727272727273 -9.363636363636365 
-2.1717171717171717 -8.858585858585858 
-2.070707070707071 -8.353535353535355 
-1.9696969696969697 -7.848484848484848 
-1.868686868686869 -7.343434343434344 
-1.7676767676767677 -6.838383838383839 
-1.6666666666666665 -6.333333333333332 
-1.5656565656565657 -5.828282828282829 
-1.4646464646464645 -5.323232323232323 
-1.3636363636363638 -4.818181818181818 
-1.2626262626262625 -4.313131313131313 
-1.1616161616161618 -3.808080808080809 
-1.0606060606060606 -3.3030303030303028 
-0.9595959595959593 -2.7979797979797967 
-0.858585858585859 -2.292929292929295 
-0.7575757575757578 -1.787878787878789 
-0.6565656565656566 -1.2828282828282829 
-0.5555555555555554 -0.7777777777777768 
-0.45454545454545503 -0.27272727272727515 
-0.3535353535353538 0.23232323232323093 
-0.2525252525252526 0.737373737373737 
-0.15151515151515138 1.242424242424243 
-0.050505050505050164 1.7474747474747492 
0.050505050505050164 2.252525252525251 
0.15151515151515138 2.757575757575757 
0.2525252525252526 3.262626262626263 
0.3535353535353538 3.767676767676769 
0.45454545454545414 4.272727272727271 
0.5555555555555554 4.777777777777777 
0.6565656565656566 5.282828282828283 
0.7575757575757578 5.787878787878789 
0.8585858585858581 6.292929292929291 
0.9595959595959593 6.797979797979797 
1.0606060606060606 7.303030303030303 
1.1616161616161618 7.808080808080809 
1.262626262626262 8.313131313131311 
1.3636363636363633 8.818181818181817 
1.4646464646464645 9.323232323232322 
1.5656565656565657 9.828282828282829 
1.666666666666667 10.333333333333336 
1.7676767676767673 10.838383838383837 
1.8686868686868685 11.343434343434343 
1.9696969696969697 11.848484848484848 
2.070707070707071 12.353535353535355 
2.1717171717171713 12.858585858585856 
2.2727272727272725 13.363636363636363 
2.3737373737373737 13.868686868686869 
2.474747474747475 14.373737373737374 
2.5757575757575752 14.878787878787875 
2.6767676767676765 15.383838383838382 
2.7777777777777777 15.88888888888889 
2.878787878787879 16.393939393939394 
2.9797979797979792 16.898989898989896 
3.0808080808080813 17.40404040404041 
3.1818181818181817 17.909090909090907 
3.282828282828282 18.41414141414141 
3.383838383838384 18.91919191919192 
3.4848484848484844 19.424242424242422 
3.5858585858585865 19.929292929292934 
3.686868686868687 20.434343434343432 
3.787878787878787 20.939393939393938 
3.8888888888888893 21.444444444444446 
3.9898989898989896 21.949494949494948 
4.09090909090909 22.45454545454545 
4.191919191919192 22.95959595959596 
4.292929292929292 23.464646464646464 
4.3939393939393945 23.969696969696972 
4.494949494949495 24.474747474747474 
4.595959595959595 24.979797979797976 
4.696969696969697 25.484848484848484 
4.797979797979798 25.98989898989899 
4.8989898989899 26.4949494949495 
5.0 27.0 
