# Table for Buckingham + correction potential
BuckCorrection

N 1000

0.500000 484.773950 -3299.301388
0.509510 454.668780 -3036.744449
0.519019 426.938255 -2799.374341
0.528529 401.356543 -2584.377918
0.538038 377.722819 -2389.299056
0.547548 355.858125 -2211.988094
0.557057 335.602656 -2050.559154
0.566567 316.813435 -1903.353995
0.576076 299.362293 -1768.911335
0.585586 283.134128 -1645.940708
0.595095 268.025385 -1533.300163
0.604605 253.942740 -1429.977152
0.614114 240.801949 -1335.072145
0.623624 228.526841 -1247.784518
0.633133 217.048436 -1167.400395
0.642643 206.304176 -1093.282132
0.652152 196.237236 -1024.859208
0.661662 186.795932 -961.620317
0.671171 177.933188 -903.106491
0.680681 169.606067 -848.905100
0.690190 161.775357 -798.644614
0.699700 154.405203 -751.990018
0.709209 147.462777 -708.638791
0.718719 140.917987 -668.317377
0.728228 134.743220 -630.778076
0.737738 128.913102 -595.796307
0.747247 123.404300 -563.168184
0.756757 118.195324 -532.708385
0.766266 113.266372 -504.248252
0.775776 108.599167 -477.634114
0.785285 104.176833 -452.725788
0.794795 99.983767 -429.395258
0.804304 96.005528 -407.525484
0.813814 92.228742 -387.009351
0.823323 88.641010 -367.748721
0.832833 85.230828 -349.653590
0.842342 81.987510 -332.641332
0.851852 78.901125 -316.636018
0.861361 75.962434 -301.567808
0.870871 73.162835 -287.372403
0.880380 70.494315 -273.990550
0.889890 67.949399 -261.367598
0.899399 65.521114 -249.453099
0.908909 63.202948 -238.200437
0.918418 60.988814 -227.566512
0.927928 58.873022 -217.511433
0.937437 56.850243 -207.998253
0.946947 54.915490 -198.992727
0.956456 53.064088 -190.463084
0.965966 51.291654 -182.379833
0.975475 49.594075 -174.715574
0.984985 47.967488 -167.444833
0.994494 46.408266 -160.543910
1.004004 44.912998 -153.990741
1.013514 43.478476 -147.764768
1.023023 42.101681 -141.846826
1.032533 40.779769 -136.219038
1.042042 39.510062 -130.864712
1.051552 38.290033 -125.768260
1.061061 37.117302 -120.915110
1.070571 35.989619 -116.291635
1.080080 34.904861 -111.885081
1.089590 33.861025 -107.683508
1.099099 32.856213 -103.675728
1.108609 31.888633 -99.851253
1.118118 30.956590 -96.200247
1.127628 30.058478 -92.713478
1.137137 29.192777 -89.382278
1.146647 28.358048 -86.198503
1.156156 27.552923 -83.154498
1.165666 26.776110 -80.243064
1.175175 26.026380 -77.457427
1.184685 25.302568 -74.791212
1.194194 24.603565 -72.238412
1.203704 23.928322 -69.793367
1.213213 23.275839 -67.450742
1.222723 22.645167 -65.205506
1.232232 22.035401 -63.052908
1.241742 21.445683 -60.988467
1.251251 20.875194 -59.007948
1.260761 20.323156 -57.107351
1.270270 19.788827 -55.282893
1.279780 19.271500 -53.530999
1.289289 18.770501 -51.848285
1.298799 18.285187 -50.231549
1.308308 17.814946 -48.677757
1.317818 17.359194 -47.184038
1.327327 16.917371 -45.747670
1.336837 16.488944 -44.366073
1.346346 16.073406 -43.036799
1.355856 15.670268 -41.757528
1.365365 15.279067 -40.526055
1.374875 14.899357 -39.340290
1.384384 14.530715 -38.198245
1.393894 14.172732 -37.098033
1.403403 13.825019 -36.037861
1.412913 13.487205 -35.016022
1.422422 13.158933 -34.030895
1.431932 12.839860 -33.080937
1.441441 12.529659 -32.164678
1.450951 12.228017 -31.280720
1.460460 11.934632 -30.427732
1.469970 11.649217 -29.604446
1.479479 11.371494 -28.809652
1.488989 11.101199 -28.042197
1.498498 10.838076 -27.300984
1.508008 10.581881 -26.584964
1.517518 10.332379 -25.893138
1.527027 10.089345 -25.224550
1.536537 9.852562 -24.578290
1.546046 9.621822 -23.953487
1.555556 9.396925 -23.349311
1.565065 9.177679 -22.764968
1.574575 8.963897 -22.199698
1.584084 8.755404 -21.652777
1.593594 8.552027 -21.123509
1.603103 8.353602 -20.611232
1.612613 8.159970 -20.115310
1.622122 7.970978 -19.635136
1.631632 7.786481 -19.170128
1.641141 7.606335 -18.719729
1.650651 7.430405 -18.283405
1.660160 7.258559 -17.860645
1.669670 7.090672 -17.450960
1.679179 6.926619 -17.053879
1.688689 6.766285 -16.668953
1.698198 6.609555 -16.295751
1.707708 6.456320 -15.933858
1.717217 6.306474 -15.582877
1.726727 6.159916 -15.242426
1.736236 6.016546 -14.912141
1.745746 5.876270 -14.591670
1.755255 5.738997 -14.280675
1.764765 5.604637 -13.978834
1.774274 5.473105 -13.685833
1.783784 5.344319 -13.401375
1.793293 5.218198 -13.125172
1.802803 5.094665 -12.856948
1.812312 4.973647 -12.596437
1.821822 4.855070 -12.343384
1.831331 4.738865 -12.097543
1.840841 4.624964 -11.858677
1.850350 4.513303 -11.626559
1.859860 4.403818 -11.400971
1.869369 4.296448 -11.181700
1.878879 4.191134 -10.968545
1.888388 4.087818 -10.761310
1.897898 3.986446 -10.559806
1.907407 -17.856558 1.034534
1.916917 -17.846327 1.117539
1.926426 -17.835300 1.201867
1.935936 -17.823465 1.287220
1.945445 -17.810816 1.373327
1.954955 -17.797344 1.459937
1.964464 -17.783048 1.546819
1.973974 -17.767925 1.633762
1.983483 -17.751976 1.720571
1.992993 -17.735203 1.807070
2.002503 -17.717609 1.893095
2.012012 -17.699200 1.978499
2.021522 -17.679982 2.063148
2.031031 -17.659963 2.146919
2.040541 -17.639153 2.229703
2.050050 -17.617560 2.311399
2.059560 -17.595196 2.391919
2.069069 -17.572072 2.471181
2.078579 -17.548201 2.549116
2.088088 -17.523595 2.625659
2.097598 -17.498268 2.700756
2.107107 -17.472234 2.774356
2.116617 -17.445507 2.846419
2.126126 -17.418103 2.916909
2.135636 -17.390036 2.985794
2.145145 -17.361321 3.053050
2.154655 -17.331975 3.118656
2.164164 -17.302013 3.182596
2.173674 -17.271450 3.244858
2.183183 -17.240304 3.305434
2.192693 -17.208590 3.364320
2.202202 -17.176323 3.421514
2.211712 -17.143521 3.477018
2.221221 -17.110199 3.530835
2.230731 -17.076373 3.582973
2.240240 -17.042060 3.633441
2.249750 -17.007274 3.682250
2.259259 -16.972032 3.729413
2.268769 -16.936350 3.774944
2.278278 -16.900242 3.818860
2.287788 -16.863724 3.861179
2.297297 -16.826811 3.901919
2.306807 -16.789518 3.941101
2.316316 -16.751860 3.978745
2.325826 -16.713851 4.014875
2.335335 -16.675506 4.049512
2.344845 -16.636838 4.082680
2.354354 -16.597862 4.114404
2.363864 -16.558590 4.144707
2.373373 -16.519038 4.173616
2.382883 -16.479217 4.201154
2.392392 -16.439140 4.227349
2.401902 -16.398821 4.252226
2.411411 -16.358271 4.275812
2.420921 -16.317503 4.298132
2.430430 -16.276529 4.319213
2.439940 -16.235360 4.339082
2.449449 -16.194007 4.357764
2.458959 -16.152483 4.375286
2.468468 -16.110797 4.391675
2.477978 -16.068961 4.406956
2.487487 -16.026985 4.421155
2.496997 -15.984878 4.434299
2.506507 -15.942652 4.446412
2.516016 -15.900315 4.457521
2.525526 -15.857878 4.467649
2.535035 -15.815348 4.476823
2.544545 -15.772736 4.485066
2.554054 -15.730049 4.492403
2.563564 -15.687297 4.498858
2.573073 -15.644488 4.504455
2.582583 -15.601630 4.509216
2.592092 -15.558730 4.513164
2.601602 -15.515796 4.516323
2.611111 -15.472836 4.518715
2.620621 -15.429857 4.520361
2.630130 -15.386866 4.521282
2.639640 -15.343869 4.521501
2.649149 -15.300873 4.521037
2.658659 -15.257885 4.519911
2.668168 -15.214911 4.518143
2.677678 -15.171957 4.515753
2.687187 -15.129028 4.512760
2.696697 -15.086130 4.509183
2.706206 -15.043269 4.505039
2.715716 -15.000451 4.500349
2.725225 -14.957679 4.495128
2.734735 -14.914959 4.489394
2.744244 -14.872297 4.483165
2.753754 -14.829695 4.476456
2.763263 -14.787160 4.469285
2.772773 -14.744695 4.461666
2.782282 -14.702305 4.453617
2.791792 -14.659993 4.445150
2.801301 -14.617764 4.436282
2.810811 -14.575621 4.427027
2.820320 -14.533567 4.417399
2.829830 -14.491607 4.407412
2.839339 -14.449744 4.397079
2.848849 -14.407980 4.386413
2.858358 -14.366320 4.375427
2.867868 -14.324765 4.364134
2.877377 -14.283319 4.352545
2.886887 -14.241985 4.340673
2.896396 -14.200765 4.328529
2.905906 -14.159661 4.316124
2.915415 -14.118677 4.303470
2.924925 -14.077814 4.290576
2.934434 -14.037075 4.277454
2.943944 -13.996462 4.264113
2.953453 -13.955977 4.250563
2.962963 -13.915621 4.236815
2.972472 -13.875397 4.222876
2.981982 -13.835307 4.208756
2.991491 -13.795351 4.194465
3.001001 -13.755532 4.180010
3.010511 -13.715852 4.165400
3.020020 -13.676311 4.150643
3.029530 -13.636911 4.135747
3.039039 -13.597654 4.120719
3.048549 -13.558540 4.105567
3.058058 -13.519570 4.090298
3.067568 -13.480747 4.074919
3.077077 -13.442070 4.059437
3.086587 -13.403540 4.043858
3.096096 -13.365160 4.028189
3.105606 -13.326928 4.012436
3.115115 -13.288847 3.996605
3.124625 -13.250917 3.980702
3.134134 -13.213138 3.964733
3.143644 -13.175512 3.948702
3.153153 -13.138038 3.932616
3.162663 -13.100718 3.916478
3.172172 -13.063551 3.900296
3.181682 -13.026538 3.884072
3.191191 -12.989680 3.867812
3.200701 -12.952976 3.851521
3.210210 -12.916428 3.835202
3.219720 -12.880034 3.818860
3.229229 -12.843797 3.802500
3.238739 -12.807715 3.786124
3.248248 -12.771788 3.769737
3.257758 -12.736018 3.753342
3.267267 -12.700403 3.736944
3.276777 -12.664945 3.720545
3.286286 -12.629642 3.704148
3.295796 -12.594496 3.687758
3.305305 -12.559505 3.671377
3.314815 -12.524670 3.655008
3.324324 -12.489990 3.638654
3.333834 -12.455466 3.622318
3.343343 -12.421097 3.606002
3.352853 -12.386883 3.589709
3.362362 -12.352824 3.573442
3.371872 -12.318920 3.557202
3.381381 -12.285170 3.540993
3.390891 -12.251573 3.524816
3.400400 -12.218131 3.508674
3.409910 -12.184842 3.492568
3.419419 -12.151706 3.476501
3.428929 -12.118722 3.460474
3.438438 -12.085891 3.444489
3.447948 -12.053211 3.428549
3.457457 -12.020683 3.412654
3.466967 -11.988306 3.396806
3.476476 -11.956079 3.381007
3.485986 -11.924002 3.365258
3.495495 -11.892075 3.349561
3.505005 -11.860297 3.333917
3.514515 -11.828667 3.318326
3.524024 -11.797185 3.302792
3.533534 -11.765851 3.287314
3.543043 -11.734663 3.271894
3.552553 -11.703622 3.256532
3.562062 -11.672727 3.241230
3.571572 -11.641977 3.225989
3.581081 -11.611372 3.210810
3.590591 -11.580911 3.195693
3.600100 -11.550593 3.180639
3.609610 -11.520418 3.165649
3.619119 -11.490385 3.150724
3.628629 -11.460494 3.135865
3.638138 -11.430744 3.121071
3.647648 -11.401134 3.106344
3.657157 -11.371664 3.091685
3.666667 -11.342333 3.077093
3.676176 -11.313140 3.062570
3.685686 -11.284086 3.048115
3.695195 -11.255168 3.033730
3.704705 -11.226387 3.019414
3.714214 -11.197741 3.005167
3.723724 -11.169231 2.990992
3.733233 -11.140855 2.976886
3.742743 -11.112614 2.962852
3.752252 -11.084505 2.948888
3.761762 -11.056528 2.934996
3.771271 -11.028684 2.921176
3.780781 -11.000970 2.907427
3.790290 -10.973387 2.893750
3.799800 -10.945934 2.880145
3.809309 -10.918609 2.866612
3.818819 -10.891413 2.853151
3.828328 -10.864345 2.839762
3.837838 -10.837404 2.826445
3.847347 -10.810589 2.813201
3.856857 -10.783899 2.800029
3.866366 -10.757334 2.786930
3.875876 -10.730894 2.773902
3.885385 -10.704577 2.760947
3.894895 -10.678383 2.748064
3.904404 -10.652312 2.735253
3.913914 -10.626361 2.722514
3.923423 -10.600532 2.709847
3.932933 -10.574823 2.697251
3.942442 -10.549233 2.684727
3.951952 -10.523761 2.672275
3.961461 -10.498408 2.659894
3.970971 -10.473173 2.647584
3.980480 -10.448054 2.635345
3.989990 -10.423051 2.623177
3.999499 -10.398163 2.611080
4.009009 -10.373390 2.599053
4.018519 -10.348731 2.587096
4.028028 -10.324186 2.575209
4.037538 -10.299753 2.563392
4.047047 -10.275433 2.551645
4.056557 -10.251223 2.539966
4.066066 -10.227125 2.528357
4.075576 -10.203136 2.516816
4.085085 -10.179257 2.505344
4.094595 -10.155487 2.493940
4.104104 -10.131825 2.482604
4.113614 -10.108270 2.471335
4.123123 -10.084822 2.460134
4.132633 -10.061480 2.449000
4.142142 -10.038244 2.437932
4.151652 -10.015113 2.426931
4.161161 -9.992086 2.415996
4.170671 -9.969163 2.405127
4.180180 -9.946343 2.394323
4.189690 -9.923625 2.383585
4.199199 -9.901009 2.372911
4.208709 -9.878494 2.362301
4.218218 -9.856080 2.351756
4.227728 -9.833766 2.341275
4.237237 -9.811551 2.330857
4.246747 -9.789435 2.320502
4.256256 -9.767417 2.310210
4.265766 -9.745497 2.299981
4.275275 -9.723674 2.289813
4.284785 -9.701947 2.279707
4.294294 -9.680316 2.269663
4.303804 -9.658780 2.259680
4.313313 -9.637339 2.249757
4.322823 -9.615992 2.239895
4.332332 -9.594738 2.230092
4.341842 -9.573577 2.220349
4.351351 -9.552509 2.210666
4.360861 -9.531532 2.201041
4.370370 -9.510647 2.191475
4.379880 -9.489853 2.181967
4.389389 -9.469148 2.172517
4.398899 -9.448533 2.163125
4.408408 -9.428007 2.153789
4.417918 -9.407570 2.144511
4.427427 -9.387221 2.135288
4.436937 -9.366959 2.126122
4.446446 -9.346784 2.117011
4.455956 -9.326695 2.107956
4.465465 -9.306692 2.098956
4.474975 -9.286775 2.090010
4.484484 -9.266942 2.081119
4.493994 -9.247194 2.072281
4.503504 -9.227529 2.063497
4.513013 -9.207948 2.054766
4.522523 -9.188450 2.046088
4.532032 -9.169033 2.037462
4.541542 -9.149699 2.028889
4.551051 -9.130446 2.020367
4.560561 -9.111273 2.011897
4.570070 -9.092181 2.003478
4.579580 -9.073169 1.995109
4.589089 -9.054236 1.986791
4.598599 -9.035382 1.978523
4.608108 -9.016606 1.970305
4.617618 -8.997909 1.962136
4.627127 -8.979288 1.954016
4.636637 -8.960745 1.945945
4.646146 -8.942278 1.937922
4.655656 -8.923887 1.929947
4.665165 -8.905572 1.922020
4.674675 -8.887332 1.914140
4.684184 -8.869167 1.906307
4.693694 -8.851076 1.898521
4.703203 -8.833059 1.890781
4.712713 -8.815115 1.883087
4.722222 -8.797244 1.875439
4.731732 -8.779446 1.867837
4.741241 -8.761720 1.860279
4.750751 -8.744065 1.852766
4.760260 -8.726482 1.845298
4.769770 -8.708969 1.837874
4.779279 -8.691527 1.830493
4.788789 -8.674155 1.823156
4.798298 -8.656852 1.815863
4.807808 -8.639619 1.808612
4.817317 -8.622454 1.801403
4.826827 -8.605358 1.794237
4.836336 -8.588329 1.787113
4.845846 -8.571369 1.780031
4.855355 -8.554475 1.772990
4.864865 -8.537648 1.765990
4.874374 -8.520887 1.759031
4.883884 -8.504193 1.752113
4.893393 -8.487564 1.745234
4.902903 -8.471000 1.738396
4.912412 -8.454501 1.731597
4.921922 -8.438067 1.724837
4.931431 -8.421696 1.718117
4.940941 -8.405390 1.711435
4.950450 -8.389146 1.704792
4.959960 -8.372966 1.698188
4.969469 -8.356848 1.691621
4.978979 -8.340793 1.685091
4.988488 -8.324799 1.678600
4.997998 -8.308867 1.672145
5.007508 -8.292997 1.665727
5.017017 -8.277187 1.659346
5.026527 -8.261437 1.653001
5.036036 -8.245748 1.646693
5.045546 -8.230119 1.640420
5.055055 -8.214549 1.634183
5.064565 -8.199038 1.627981
5.074074 -8.183586 1.621814
5.083584 -8.168193 1.615682
5.093093 -8.152857 1.609584
5.102603 -8.137580 1.603521
5.112112 -8.122360 1.597492
5.121622 -8.107197 1.591497
5.131131 -8.092091 1.585535
5.140641 -8.077042 1.579607
5.150150 -8.062048 1.573712
5.159660 -8.047111 1.567850
5.169169 -8.032229 1.562020
5.178679 -8.017403 1.556223
5.188188 -8.002631 1.550458
5.197698 -7.987915 1.544725
5.207207 -7.973252 1.539023
5.216717 -7.958644 1.533353
5.226226 -7.944089 1.527715
5.235736 -7.929588 1.522107
5.245245 -7.915140 1.516530
5.254755 -7.900745 1.510984
5.264264 -7.886403 1.505469
5.273774 -7.872112 1.499983
5.283283 -7.857874 1.494527
5.292793 -7.843688 1.489102
5.302302 -7.829553 1.483705
5.311812 -7.815469 1.478338
5.321321 -7.801436 1.473001
5.330831 -7.787454 1.467692
5.340340 -7.773522 1.462412
5.349850 -7.759640 1.457160
5.359359 -7.745808 1.451937
5.368869 -7.732026 1.446741
5.378378 -7.718293 1.441574
5.387888 -7.704608 1.436434
5.397397 -7.690973 1.431322
5.406907 -7.677386 1.426238
5.416416 -7.663847 1.421180
5.425926 -7.650356 1.416149
5.435435 -7.636913 1.411146
5.444945 -7.623518 1.406168
5.454454 -7.610169 1.401217
5.463964 -7.596868 1.396293
5.473473 -7.583613 1.391394
5.482983 -7.570405 1.386521
5.492492 -7.557243 1.381674
5.502002 -7.544127 1.376853
5.511512 -7.531056 1.372056
5.521021 -7.518031 1.367285
5.530531 -7.505052 1.362539
5.540040 -7.492117 1.357818
5.549550 -7.479227 1.353121
5.559059 -7.466382 1.348448
5.568569 -7.453581 1.343800
5.578078 -7.440824 1.339177
5.587588 -7.428111 1.334577
5.597097 -7.415442 1.330000
5.606607 -7.402816 1.325448
5.616116 -7.390233 1.320919
5.625626 -7.377693 1.316413
5.635135 -7.365196 1.311931
5.644645 -7.352741 1.307471
5.654154 -7.340329 1.303034
5.663664 -7.327959 1.298620
5.673173 -7.315631 1.294229
5.682683 -7.303344 1.289859
5.692192 -7.291099 1.285513
5.701702 -7.278895 1.281188
5.711211 -7.266732 1.276885
5.720721 -7.254610 1.272604
5.730230 -7.242528 1.268344
5.739740 -7.230487 1.264106
5.749249 -7.218486 1.259889
5.758759 -7.206525 1.255694
5.768268 -7.194604 1.251520
5.777778 -7.182722 1.247366
5.787287 -7.170880 1.243233
5.796797 -7.159077 1.239121
5.806306 -7.147313 1.235030
5.815816 -7.135588 1.230959
5.825325 -7.123901 1.226908
5.834835 -7.112253 1.222877
5.844344 -7.100643 1.218866
5.853854 -7.089072 1.214875
5.863363 -7.077538 1.210903
5.872873 -7.066041 1.206952
5.882382 -7.054582 1.203019
5.891892 -7.043161 1.199106
5.901401 -7.031777 1.195213
5.910911 -7.020429 1.191338
5.920420 -7.009118 1.187482
5.929930 -6.997844 1.183645
5.939439 -6.986607 1.179827
5.948949 -6.975405 1.176027
5.958458 -6.964240 1.172246
5.967968 -6.953110 1.168483
5.977477 -6.942016 1.164738
5.986987 -6.930958 1.161012
5.996496 -6.919935 1.157303
6.006006 -6.908947 1.153612
6.015516 -6.897994 1.149939
6.025025 -6.887076 1.146284
6.034535 -6.876193 1.142646
6.044044 -6.865344 1.139026
6.053554 -6.854530 1.135423
6.063063 -6.843750 1.131837
6.072573 -6.833003 1.128268
6.082082 -6.822291 1.124716
6.091592 -6.811612 1.121181
6.101101 -6.800967 1.117663
6.110611 -6.790355 1.114161
6.120120 -6.779777 1.110676
6.129630 -6.769231 1.107208
6.139139 -6.758719 1.103755
6.148649 -6.748239 1.100319
6.158158 -6.737792 1.096900
6.167668 -6.727377 1.093496
6.177177 -6.716994 1.090108
6.186687 -6.706644 1.086736
6.196196 -6.696326 1.083379
6.205706 -6.686039 1.080038
6.215215 -6.675784 1.076713
6.224725 -6.665561 1.073404
6.234234 -6.655369 1.070109
6.243744 -6.645209 1.066830
6.253253 -6.635079 1.063566
6.262763 -6.624981 1.060317
6.272272 -6.614913 1.057083
6.281782 -6.604876 1.053864
6.291291 -6.594869 1.050660
6.300801 -6.584893 1.047470
6.310310 -6.574948 1.044295
6.319820 -6.565032 1.041134
6.329329 -6.555146 1.037988
6.338839 -6.545290 1.034856
6.348348 -6.535464 1.031739
6.357858 -6.525668 1.028636
6.367367 -6.515900 1.025546
6.376877 -6.506163 1.022471
6.386386 -6.496454 1.019410
6.395896 -6.486774 1.016362
6.405405 -6.477124 1.013328
6.414915 -6.467502 1.010308
6.424424 -6.457909 1.007301
6.433934 -6.448344 1.004308
6.443443 -6.438808 1.001328
6.452953 -6.429300 0.998362
6.462462 -6.419820 0.995409
6.471972 -6.410368 0.992469
6.481481 -6.400944 0.989542
6.490991 -6.391548 0.986628
6.500501 -6.382179 0.983727
6.510010 -6.372838 0.980839
6.519520 -6.363525 0.977964
6.529029 -6.354238 0.975101
6.538539 -6.344979 0.972251
6.548048 -6.335747 0.969414
6.557558 -6.326542 0.966589
6.567067 -6.317363 0.963776
6.576577 -6.308212 0.960976
6.586086 -6.299086 0.958188
6.595596 -6.289988 0.955412
6.605105 -6.280915 0.952649
6.614615 -6.271869 0.949897
6.624124 -6.262849 0.947158
6.633634 -6.253855 0.944430
6.643143 -6.244887 0.941714
6.652653 -6.235945 0.939010
6.662162 -6.227028 0.936317
6.671672 -6.218137 0.933637
6.681181 -6.209271 0.930967
6.690691 -6.200431 0.928310
6.700200 -6.191615 0.925663
6.709710 -6.182825 0.923029
6.719219 -6.174060 0.920405
6.728729 -6.165320 0.917793
6.738238 -6.156605 0.915191
6.747748 -6.147914 0.912601
6.757257 -6.139248 0.910022
6.766767 -6.130606 0.907454
6.776276 -6.121989 0.904897
6.785786 -6.113396 0.902351
6.795295 -6.104827 0.899815
6.804805 -6.096282 0.897290
6.814314 -6.087762 0.894776
6.823824 -6.079265 0.892273
6.833333 -6.070791 0.889780
6.842843 -6.062342 0.887297
6.852352 -6.053916 0.884825
6.861862 -6.045513 0.882363
6.871371 -6.037134 0.879912
6.880881 -6.028778 0.877471
6.890390 -6.020445 0.875040
6.899900 -6.012136 0.872619
6.909409 -6.003849 0.870209
6.918919 -5.995585 0.867808
6.928428 -5.987344 0.865417
6.937938 -5.979126 0.863036
6.947447 -5.970930 0.860666
6.956957 -5.962757 0.858304
6.966466 -5.954606 0.855953
6.975976 -5.946477 0.853611
6.985485 -5.938371 0.851279
6.994995 -5.930287 0.848957
7.004505 -5.922225 0.846644
7.014014 -5.914184 0.844341
7.023524 -5.906166 0.842047
7.033033 -5.898170 0.839762
7.042543 -5.890195 0.837487
7.052052 -5.882241 0.835221
7.061562 -5.874310 0.832964
7.071071 -5.866399 0.830717
7.080581 -5.858510 0.828478
7.090090 -5.850642 0.826249
7.099600 -5.842796 0.824029
7.109109 -5.834970 0.821817
7.118619 -5.827165 0.819615
7.128128 -5.819382 0.817421
7.137638 -5.811619 0.815236
7.147147 -5.803877 0.813061
7.156657 -5.796155 0.810893
7.166166 -5.788454 0.808735
7.175676 -5.780774 0.806585
7.185185 -5.773114 0.804444
7.194695 -5.765474 0.802311
7.204204 -5.757855 0.800187
7.213714 -5.750255 0.798071
7.223223 -5.742676 0.795964
7.232733 -5.735117 0.793865
7.242242 -5.727577 0.791774
7.251752 -5.720058 0.789692
7.261261 -5.712558 0.787618
7.270771 -5.705078 0.785552
7.280280 -5.697618 0.783494
7.289790 -5.690177 0.781445
7.299299 -5.682755 0.779403
7.308809 -5.675353 0.777370
7.318318 -5.667971 0.775344
7.327828 -5.660607 0.773327
7.337337 -5.653263 0.771317
7.346847 -5.645937 0.769315
7.356356 -5.638631 0.767321
7.365866 -5.631344 0.765335
7.375375 -5.624075 0.763356
7.384885 -5.616825 0.761385
7.394394 -5.609594 0.759422
7.403904 -5.602382 0.757466
7.413413 -5.595188 0.755518
7.422923 -5.588013 0.753578
7.432432 -5.580856 0.751645
7.441942 -5.573717 0.749720
7.451451 -5.566597 0.747801
7.460961 -5.559495 0.745891
7.470470 -5.552411 0.743987
7.479980 -5.545345 0.742091
7.489489 -5.538297 0.740202
7.498999 -5.531267 0.738321
7.508509 -5.524255 0.736446
7.518018 -5.517260 0.734579
7.527528 -5.510284 0.732719
7.537037 -5.503325 0.730866
7.546547 -5.496383 0.729020
7.556056 -5.489459 0.727181
7.565566 -5.482553 0.725349
7.575075 -5.475664 0.723524
7.584585 -5.468792 0.721706
7.594094 -5.461938 0.719895
7.603604 -5.455100 0.718090
7.613113 -5.448280 0.716292
7.622623 -5.441477 0.714502
7.632132 -5.434691 0.712717
7.641642 -5.427922 0.710940
7.651151 -5.421170 0.709169
7.660661 -5.414434 0.707405
7.670170 -5.407716 0.705647
7.679680 -5.401014 0.703896
7.689189 -5.394328 0.702152
7.698699 -5.387659 0.700414
7.708208 -5.381007 0.698682
7.717718 -5.374371 0.696957
7.727227 -5.367752 0.695239
7.736737 -5.361148 0.693526
7.746246 -5.354561 0.691820
7.755756 -5.347991 0.690121
7.765265 -5.341436 0.688427
7.774775 -5.334897 0.686740
7.784284 -5.328375 0.685059
7.793794 -5.321868 0.683385
7.803303 -5.315377 0.681716
7.812813 -5.308903 0.680053
7.822322 -5.302443 0.678397
7.831832 -5.296000 0.676747
7.841341 -5.289572 0.675103
7.850851 -5.283160 0.673464
7.860360 -5.276764 0.671832
7.869870 -5.270383 0.670206
7.879379 -5.264017 0.668585
7.888889 -5.257667 0.666971
7.898398 -5.251332 0.665362
7.907908 -5.245012 0.663759
7.917417 -5.238708 0.662162
7.926927 -5.232419 0.660571
7.936436 -5.226144 0.658985
7.945946 -5.219885 0.657405
7.955455 -5.213641 0.655831
7.964965 -5.207412 0.654263
7.974474 -5.201198 0.652700
7.983984 -5.194998 0.651143
7.993493 -5.188814 0.649591
8.003003 -5.182644 0.648045
8.012513 -5.176488 0.646504
8.022022 -5.170348 0.644969
8.031532 -5.164222 0.643440
8.041041 -5.158110 0.641916
8.050551 -5.152013 0.640397
8.060060 -5.145930 0.638884
8.069570 -5.139862 0.637376
8.079079 -5.133808 0.635873
8.088589 -5.127768 0.634376
8.098098 -5.121743 0.632884
8.107608 -5.115732 0.631397
8.117117 -5.109734 0.629916
8.126627 -5.103751 0.628439
8.136136 -5.097782 0.626968
8.145646 -5.091827 0.625502
8.155155 -5.085886 0.624042
8.164665 -5.079958 0.622586
8.174174 -5.074045 0.621136
8.183684 -5.068145 0.619690
8.193193 -5.062259 0.618250
8.202703 -5.056386 0.616814
8.212212 -5.050527 0.615384
8.221722 -5.044682 0.613959
8.231231 -5.038851 0.612538
8.240741 -5.033032 0.611123
8.250250 -5.027228 0.609712
8.259760 -5.021436 0.608307
8.269269 -5.015658 0.606906
8.278779 -5.009893 0.605510
8.288288 -5.004142 0.604119
8.297798 -4.998404 0.602732
8.307307 -4.992679 0.601351
8.316817 -4.986967 0.599974
8.326326 -4.981268 0.598602
8.335836 -4.975582 0.597235
8.345345 -4.969909 0.595872
8.354855 -4.964249 0.594514
8.364364 -4.958602 0.593161
8.373874 -4.952967 0.591812
8.383383 -4.947346 0.590468
8.392893 -4.941737 0.589128
8.402402 -4.936141 0.587793
8.411912 -4.930558 0.586463
8.421421 -4.924987 0.585137
8.430931 -4.919429 0.583816
8.440440 -4.913884 0.582499
8.449950 -4.908351 0.581186
8.459459 -4.902830 0.579878
8.468969 -4.897322 0.578575
8.478478 -4.891826 0.577275
8.487988 -4.886343 0.575981
8.497497 -4.880872 0.574690
8.507007 -4.875413 0.573404
8.516517 -4.869966 0.572122
8.526026 -4.864531 0.570845
8.535536 -4.859109 0.569572
8.545045 -4.853699 0.568303
8.554555 -4.848301 0.567038
8.564064 -4.842914 0.565777
8.573574 -4.837540 0.564521
8.583083 -4.832178 0.563269
8.592593 -4.826827 0.562021
8.602102 -4.821489 0.560777
8.611612 -4.816162 0.559538
8.621121 -4.810847 0.558302
8.630631 -4.805543 0.557071
8.640140 -4.800252 0.555843
8.649650 -4.794972 0.554620
8.659159 -4.789703 0.553401
8.668669 -4.784447 0.552186
8.678178 -4.779201 0.550975
8.687688 -4.773968 0.549767
8.697197 -4.768745 0.548564
8.706707 -4.763534 0.547365
8.716216 -4.758335 0.546169
8.725726 -4.753147 0.544978
8.735235 -4.747970 0.543790
8.744745 -4.742804 0.542607
8.754254 -4.737650 0.541427
8.763764 -4.732507 0.540251
8.773273 -4.727375 0.539079
8.782783 -4.722254 0.537911
8.792292 -4.717144 0.536746
8.801802 -4.712046 0.535585
8.811311 -4.706958 0.534428
8.820821 -4.701881 0.533275
8.830330 -4.696816 0.532126
8.839840 -4.691761 0.530980
8.849349 -4.686717 0.529838
8.858859 -4.681684 0.528700
8.868368 -4.676662 0.527565
8.877878 -4.671650 0.526434
8.887387 -4.666649 0.525307
8.896897 -4.661659 0.524183
8.906406 -4.656680 0.523063
8.915916 -4.651711 0.521946
8.925425 -4.646753 0.520833
8.934935 -4.641805 0.519724
8.944444 -4.636868 0.518618
8.953954 -4.631942 0.517516
8.963463 -4.627026 0.516417
8.972973 -4.622120 0.515321
8.982482 -4.617225 0.514230
8.991992 -4.612340 0.513141
9.001502 -4.607465 0.512056
9.011011 -4.602601 0.510975
9.020521 -4.597747 0.509897
9.030030 -4.592903 0.508822
9.039540 -4.588070 0.507751
9.049049 -4.583246 0.506683
9.058559 -4.578433 0.505619
9.068068 -4.573630 0.504557
9.077578 -4.568837 0.503500
9.087087 -4.564054 0.502445
9.096597 -4.559281 0.501394
9.106106 -4.554518 0.500346
9.115616 -4.549765 0.499302
9.125125 -4.545022 0.498260
9.134635 -4.540288 0.497222
9.144144 -4.535565 0.496188
9.153654 -4.530851 0.495156
9.163163 -4.526148 0.494128
9.172673 -4.521454 0.493103
9.182182 -4.516769 0.492081
9.191692 -4.512095 0.491062
9.201201 -4.507430 0.490046
9.210711 -4.502774 0.489034
9.220220 -4.498129 0.488025
9.229730 -4.493493 0.487019
9.239239 -4.488866 0.486016
9.248749 -4.484249 0.485016
9.258258 -4.479642 0.484019
9.267768 -4.475044 0.483025
9.277277 -4.470455 0.482034
9.286787 -4.465876 0.481047
9.296296 -4.461306 0.480062
9.305806 -4.456745 0.479080
9.315315 -4.452194 0.478102
9.324825 -4.447652 0.477126
9.334334 -4.443120 0.476153
9.343844 -4.438596 0.475184
9.353353 -4.434082 0.474217
9.362863 -4.429577 0.473253
9.372372 -4.425081 0.472293
9.381882 -4.420595 0.471335
9.391391 -4.416117 0.470380
9.400901 -4.411649 0.469428
9.410410 -4.407189 0.468479
9.419920 -4.402739 0.467532
9.429429 -4.398297 0.466589
9.438939 -4.393864 0.465648
9.448448 -4.389441 0.464711
9.457958 -4.385026 0.463776
9.467467 -4.380620 0.462844
9.476977 -4.376223 0.461914
9.486486 -4.371835 0.460988
9.495996 -4.367456 0.460064
9.505506 -4.363085 0.459143
9.515015 -4.358723 0.458225
9.524525 -4.354370 0.457310
9.534034 -4.350026 0.456397
9.543544 -4.345690 0.455487
9.553053 -4.341363 0.454580
9.562563 -4.337044 0.453676
9.572072 -4.332734 0.452774
9.581582 -4.328433 0.451875
9.591091 -4.324140 0.450979
9.600601 -4.319856 0.450085
9.610110 -4.315580 0.449194
9.619620 -4.311312 0.448305
9.629129 -4.307054 0.447420
9.638639 -4.302803 0.446536
9.648148 -4.298561 0.445656
9.657658 -4.294327 0.444778
9.667167 -4.290102 0.443903
9.676677 -4.285884 0.443030
9.686186 -4.281676 0.442160
9.695696 -4.277475 0.441292
9.705205 -4.273283 0.440427
9.714715 -4.269098 0.439565
9.724224 -4.264923 0.438705
9.733734 -4.260755 0.437847
9.743243 -4.256595 0.436992
9.752753 -4.252444 0.436140
9.762262 -4.248300 0.435290
9.771772 -4.244165 0.434442
9.781281 -4.240037 0.433597
9.790791 -4.235918 0.432755
9.800300 -4.231807 0.431915
9.809810 -4.227704 0.431077
9.819319 -4.223608 0.430242
9.828829 -4.219521 0.429409
9.838338 -4.215441 0.428579
9.847848 -4.211370 0.427751
9.857357 -4.207306 0.426925
9.866867 -4.203250 0.426102
9.876376 -4.199202 0.425281
9.885886 -4.195161 0.424463
9.895395 -4.191129 0.423647
9.904905 -4.187104 0.422833
9.914414 -4.183087 0.422022
9.923924 -4.179078 0.421213
9.933433 -4.175076 0.420406
9.942943 -4.171082 0.419602
9.952452 -4.167096 0.418800
9.961962 -4.163117 0.418000
9.971471 -4.159146 0.417203
9.980981 -4.155182 0.416408
9.990490 -4.151226 0.415615
10.000000 -4.147277 0.414824
